1785
2219
3089
3959
5263
6132
7002
7437
7872
9176
9611
10480
13959
14393
15263
16567
17437
17872
18306
19176
20480
20915
21785
22654
23089
23524
24393
24828
25263
26132
26350
29176
30045
30915
31785
32002
32219
32654
33089
33524
33959
34393
34828
35263
36132
37002
38306
39176
40045
41785
42219
42654
43959
44828
45263
46132
47002
47872
48307
49176
49611
50045
50480
51785
52654
53089
54393
55263
55480
55698
57002
57219
57437
58741
58959
59176
59393
63524
63959
65045
65480
65915
66785
67002
67437
67872
69176
69393
69611
70045
70480
70915
71350
72654
73524
73959
75263
75698
76567
77002
77437
78306
78524
78741
79176
80046
80915
81785
82654
83524
83959
84828
85698
85915
86132
87002
87872
88741
89393
89611
90915
91132
91350
91785
92654
93524
94393
95263
95698
96132
96567
97437
97872
98089
98306
98741
100046
100915
101567
101785
102654
103959
104828
105046
105263
105698
107002
107219
107437
107872
113089
114828
115698
116567
117437
119176
120480
120915
122219
123089
123524