3829
4171
4171
4343
4514
4686
4857
5029
5200
5371
6229
6571
6914
7086
7257
7429
7600
7771
7943
8114
8457
8971
9314
9657
9829
10000
10171
10343
10514
10686
10857
11714
12057
12400
12571
12743
12914
13086
13257
13429
13600
13943
14457
14629
14800
14971
15143
15143
15486
15829
15829
16171
16343
16514
16857
17200
17200
17886
18229
18571
18571
18914
19086
19257
19600
19771
19943
19943
20286
20457
20629
20971
21314
21314
21657
21829
22000
22343
22686
22686
22857
23200
23371
23371
24057
24743
25429
26114
26114
27143
27143
27486
27486
27829
27829
28171
28514
28514
28857
29200
29200
29543
29886
29886
30057
30229
30571
30571
30914
31257
31257
31600
31943
31943
32286
32629
32629
32971
33314
33314
33657
34000
34000
34343
34686
34686
35029
35200
35371
35371
35543
35714
36057
36057
36400
36743
36743
37086
37429
37429
37771
38114
38286
38457
38457
38800
38800
39143
39486
39486
39829
40171
40171
40514
40686
40686
40857
40857
41200
41200
41543
41543
41886
42229
42229
42400
42571
42571
43771
43943
43943
44286
44286
44629
44971
45143
45314
45314
45657
45657
46000
46086
46171
46343
46514
46686
46686
47371
47371
48057
48229
48400
48571
48743
48914
49086
49429
49429
49600
49686
49771
49943
50114
50286
50457
50629
50971
51057
51143
51314
51486
51829
52171
52171
52343
52429
52514
52686
52857
53029
53200
53371
53714
53800
53886
54057
54229
54571
54914
54914
55086
55171
55257
55429
55600
55771
55943
56114
56457
56543
56629
56800
56971
57314
57657
57657
57829
57914
58000
58171
58343
58514
58686
58857
59029
59029
59200
59371
59543
59629
59714
59886
60057
60057
60400
60400
60914
60914
61257
61257
61771
61771
62286
62286
62629
62629
63143
63143
63657
63657
64000
64000
64514
64514
65029
65029
65200
65200
65543
65543
65886
65886
66229
66229
66571
66914
66914
67257
67600
67600
67943
68286
68629
68971
68971
69314
69657
69657
70000
70000
71029
71371
71371
71543
71714
71886
72057
72229
72314
72400
72571
72743
72914
73086
73257
73429
73600
73686
73771
73943
74114
74457
74800
74971
75143
75314
75657
75829
76000
76171
76257
76343
76514
76686
76857
77029
77200
77371
77543
77714
77800
77886
78057
78229
78400
78571
78743
78914
79086
79171
79257
79429
79600
79943
80286
80457
80629
80800
80971
81143
81314
81486
81657
81829
82000
82171
82343
82343
82514
82857
83200
83543
83886
84229
84571
84914
85257
85600
85943
86286
86629
86971
87314
87657
87829
87829
88000
88343
88686
89029
89200
89200
89371
89714
90057
90400
90571
90571
91257
91257
91943
91943
92114
92286
92457
92629
92800
92971
93143
93314
93314
94343
94343
94686
94686
94857
94943
95029
95200
95371
95543
95714
95886
96057
96229
96314
96400
96571
96743
96914
97086
97257
97429
97600
97686
97771
97943
98029
98114
98286
98457
98629
98971
99143
99314
99486
99571
99657
99829
100000
100171
100343
100429
100514
100686
100857
101029
101200
101371
101543
101714
101800
101886
102057
102229
102400
102571
102743
102914
103086
103257
103429
103514
103600
103771
103943
104114
104286
104286
104971
104971
105314
105486
105657
105657
106000
106000
106343
106343
106686
107029
107029
107371
107714
107714
108057
108400
108400
108743
109086
109429
109771
109771
110114
110457
110800
110971
111143
111143
111486
111486
111829
111829
112171
112514
112514
112857
113200
113200
113543
113714
113886
113886
114229
114571
114571
114914
115257
115257
115429
115600
115771
115943
116114
116286
116457
116629
116629